1 0 1 0 0 0 0 0 
1 0 0 1 0 0 0 0 
1 0 0 0 1 0 0 0 
1 0 0 0 0 1 0 0 
1 0 0 0 0 0 1 0 
1 0 0 0 0 0 0 1 

1 0 1 1 0 0 0 0 
1 0 0 1 1 0 0 0 
1 0 0 0 1 1 0 0 
1 0 0 0 0 1 1 0 
1 0 1 0 0 0 0 1 
1 0 0 0 0 0 1 1 

1 0 1 1 1 0 0 0 
1 0 0 1 1 1 0 0 
1 0 0 0 1 1 1 0 
1 0 1 1 0 0 0 1 
1 0 1 0 0 0 1 1 
1 0 0 0 0 1 1 1 

1 0 1 1 1 1 0 0 
1 0 0 1 1 1 1 0 
1 0 1 1 1 0 0 1 
1 0 1 1 0 0 1 1 
1 0 1 0 0 1 1 1 
1 0 0 0 1 1 1 1 

1 0 1 1 1 1 1 0 
1 0 1 1 1 1 0 1 
1 0 1 1 1 0 1 1 
1 0 1 1 0 1 1 1 
1 0 1 0 1 1 1 1 
1 0 0 1 1 1 1 1 

1 0 1 1 1 1 1 1 
-1 0 0 0 0 0 0 0 

points
9736401853869467495358022993287462934020511141832673954533410803859419973751987177414861672520139415939887847292239671618756554682577977344/12446030555722283414288128107560248481180504337442334266202233229579397668070766882367889646251427233913933179110244964249432086944580078125 38764079872331525628303319138604085746938809433512806860640727364117472986869767773179161559533654665436948820043894688957491571242234281984/62230152778611417071440640537801242405902521687211671331011166147896988340353834411839448231257136169569665895551224821247160434722900390625 -9736401853869467495358022993287462934020511141832673954533410803859419973751987177414861672520139415939887847292239671618756554682577977344/12446030555722283414288128107560248481180504337442334266202233229579397668070766882367889646251427233913933179110244964249432086944580078125 -38764079872331525628303319138604085746938809433512806860640727364117472986869767773179161559533654665436948820043894688957491571242234281984/62230152778611417071440640537801242405902521687211671331011166147896988340353834411839448231257136169569665895551224821247160434722900390625 53892893187664259260932388050326904582379947233468577786768444372317998668128913892117631256016817076596029996401290606921192737701093179392/62230152778611417071440640537801242405902521687211671331011166147896988340353834411839448231257136169569665895551224821247160434722900390625 -31115076389305702305516355523391581186955427383622629957042284860843782304385958417018209162496778507738266762044029885217726658451054002176/62230152778611417071440640537801242405902521687211671331011166147896988340353834411839448231257136169569665895551224821247160434722900390625 1845934657818894791166037096124620169129765601051820361319250533266897758431977588479664491930975765707923678712712593434541387040044351488/12446030555722283414288128107560248481180504337442334266202233229579397668070766882367889646251427233913933179110244964249432086944580078125 61541896670690077295271601343550617527040865021190436063129423161341935073422361053032253762562926632781028536678876629931261450305407025152/62230152778611417071440640537801242405902521687211671331011166147896988340353834411839448231257136169569665895551224821247160434722900390625 -1845934657818894791166037096124620169129765601051820361319250533266897758431977588479664491930975765707923678712712593434541387040044351488/12446030555722283414288128107560248481180504337442334266202233229579397668070766882367889646251427233913933179110244964249432086944580078125 -61541896670690077295271601343550617527040865021190436063129423161341935073422361053032253762562926632781028536678876629931261450305407025152/62230152778611417071440640537801242405902521687211671331011166147896988340353834411839448231257136169569665895551224821247160434722900390625 -53892893187664259260932388050326904582379947233468577786768444372317998668128913892117631256016817076596029996401290606921192737701093179392/62230152778611417071440640537801242405902521687211671331011166147896988340353834411839448231257136169569665895551224821247160434722900390625 31115076389305702305516355523391581186955427383622629957042284860843782304385958417018209162496778507738266762044029885217726658451054002176/62230152778611417071440640537801242405902521687211671331011166147896988340353834411839448231257136169569665895551224821247160434722900390625