1 0 1 0 0 0 0 0 
1 0 0 1 0 0 0 0 
1 0 0 0 1 0 0 0 
1 0 0 0 0 1 0 0 
1 0 0 0 0 0 1 0 
1 0 0 0 0 0 0 1 

1 0 1 1 0 0 0 0 
1 0 0 1 1 0 0 0 
1 0 0 0 1 1 0 0 
1 0 0 0 0 1 1 0 
1 0 1 0 0 0 0 1 
1 0 0 0 0 0 1 1 

1 0 1 1 1 0 0 0 
1 0 0 1 1 1 0 0 
1 0 0 0 1 1 1 0 
1 0 1 1 0 0 0 1 
1 0 1 0 0 0 1 1 
1 0 0 0 0 1 1 1 

1 0 1 1 1 1 0 0 
1 0 0 1 1 1 1 0 
1 0 1 1 1 0 0 1 
1 0 1 1 0 0 1 1 
1 0 1 0 0 1 1 1 
1 0 0 0 1 1 1 1 

1 0 1 1 1 1 1 0 
1 0 1 1 1 1 0 1 
1 0 1 1 1 0 1 1 
1 0 1 1 0 1 1 1 
1 0 1 0 1 1 1 1 
1 0 0 1 1 1 1 1 

1 0 1 1 1 1 1 1 
-1 0 0 0 0 0 0 0 

points
.782290 .622915 -.782290 -.622915 .866025 -.5 .148315 .988940 -.148315 -.988940 -.866025 .5